#rho(-)          rmin(m)         polflux(Wb/rad) q(-)            omega0(1/s)    
0.0000000E+00   0.0000000E+00   0.0000000E+00   8.3769459E-01   5.9442623E+03
2.0000000E-02   4.9393769E-03   8.4561947E-05   9.5451528E-01   1.4506044E+04
4.0000000E-02   9.8867429E-03   3.3773221E-04   9.7516853E-01   2.7367912E+04
6.0000000E-02   1.4845989E-02   7.5802112E-04   9.6688590E-01   2.7537818E+04
8.0000000E-02   1.9814839E-02   1.3432420E-03   9.7116607E-01   2.7781493E+04
1.0000000E-01   2.4780937E-02   2.0912906E-03   9.7683347E-01   2.8026910E+04
1.2000000E-01   2.9743573E-02   3.0012847E-03   9.8095962E-01   2.8236646E+04
1.4000000E-01   3.4704964E-02   4.0729058E-03   9.8415395E-01   2.8407440E+04
1.6000000E-01   3.9666543E-02   5.3056636E-03   9.8688752E-01   2.8540412E+04
1.8000000E-01   4.4629059E-02   6.6990856E-03   9.8937757E-01   2.8629232E+04
2.0000000E-01   4.9592258E-02   8.2525301E-03   9.9182457E-01   2.8669921E+04
2.2000000E-01   5.4555528E-02   9.9650737E-03   9.9447379E-01   2.8660054E+04
2.4000000E-01   5.9518905E-02   1.1835209E-02   9.9770591E-01   2.8601124E+04
2.6000000E-01   6.4483541E-02   1.3860263E-02   1.0022198E+00   2.8499625E+04
2.8000000E-01   6.9450542E-02   1.6035399E-02   1.0089110E+00   2.8366639E+04
3.0000000E-01   7.4419807E-02   1.8352527E-02   1.0191711E+00   2.8221154E+04
3.2000000E-01   7.9390084E-02   2.0798323E-02   1.0353969E+00   2.8030159E+04
3.4000000E-01   8.4355157E-02   2.3352238E-02   1.0601111E+00   2.7639846E+04
3.6000000E-01   8.9300550E-02   2.5986856E-02   1.0944554E+00   2.6911041E+04
3.8000000E-01   9.4211241E-02   2.8674065E-02   1.1372966E+00   2.5903893E+04
4.0000000E-01   9.9081596E-02   3.1394078E-02   1.1854344E+00   2.4821101E+04
4.2000000E-01   1.0391426E-01   3.4136606E-02   1.2364389E+00   2.3763462E+04
4.4000000E-01   1.0871250E-01   3.6894103E-02   1.2901842E+00   2.2673886E+04
4.6000000E-01   1.1347633E-01   3.9658670E-02   1.3472721E+00   2.1519316E+04
4.8000000E-01   1.1820449E-01   4.2422811E-02   1.4079476E+00   2.0324289E+04
5.0000000E-01   1.2289498E-01   4.5179538E-02   1.4723879E+00   1.9110407E+04
5.2000000E-01   1.2754585E-01   4.7922335E-02   1.5409403E+00   1.7896655E+04
5.4000000E-01   1.3215492E-01   5.0645171E-02   1.6136806E+00   1.6699931E+04
5.6000000E-01   1.3671949E-01   5.3342628E-02   1.6909260E+00   1.5536412E+04
5.8000000E-01   1.4123696E-01   5.6009518E-02   1.7732794E+00   1.4420912E+04
6.0000000E-01   1.4570454E-01   5.8640918E-02   1.8610155E+00   1.3366710E+04
6.2000000E-01   1.5011879E-01   6.1232363E-02   1.9545312E+00   1.2386529E+04
6.4000000E-01   1.5447652E-01   6.3779682E-02   2.0546054E+00   1.1492366E+04
6.6000000E-01   1.5877449E-01   6.6278744E-02   2.1619184E+00   1.0693757E+04
6.8000000E-01   1.6300879E-01   6.8725786E-02   2.2768302E+00   9.9970878E+03
7.0000000E-01   1.6717557E-01   7.1117675E-02   2.3998816E+00   9.4089155E+03
7.2000000E-01   1.7127129E-01   7.3451671E-02   2.5319404E+00   8.9356028E+03
7.4000000E-01   1.7529203E-01   7.5725267E-02   2.6737384E+00   8.5811984E+03
7.6000000E-01   1.7923361E-01   7.7936325E-02   2.8260209E+00   8.3484301E+03
7.8000000E-01   1.8309185E-01   8.0083041E-02   2.9900243E+00   8.2382701E+03
8.0000000E-01   1.8686201E-01   8.2163543E-02   3.1674864E+00   8.2428566E+03
8.2000000E-01   1.9053870E-01   8.4175744E-02   3.3607931E+00   8.3205734E+03
8.4000000E-01   1.9411545E-01   8.6117156E-02   3.5732183E+00   8.4145834E+03
8.6000000E-01   1.9758466E-01   8.7984805E-02   3.8094717E+00   8.5033663E+03
8.8000000E-01   2.0093700E-01   8.9774929E-02   4.0765365E+00   8.5873741E+03
9.0000000E-01   2.0416029E-01   9.1482295E-02   4.3830250E+00   8.6663467E+03
9.2000000E-01   2.0723899E-01   9.3100901E-02   4.7421211E+00   8.7426522E+03
9.4000000E-01   2.1015215E-01   9.4623088E-02   5.1835700E+00   8.8157783E+03
9.6000000E-01   2.1287099E-01   9.6036210E-02   5.7597336E+00   8.8861207E+03
9.8000000E-01   2.1535760E-01   9.7323433E-02   6.5177809E+00   8.9493034E+03
1.0000000E+00   2.1757402E-01   9.8470255E-02   7.0022704E+00   9.0026813E+03

