#rho(-)          rmin(m)         polflux(Wb/rad) q(-)            omega0(1/s)
0.0000000E+00   0.0000000E+00   0.0000000E+00   6.5620487E-01  -5.6982137E+03
2.0000000E-02   5.0425631E-03   1.1481934E-04   7.0842185E-01  -1.4386856E+04
4.0000000E-02   1.0079298E-02   4.5380200E-04   7.3318246E-01  -2.7281504E+04
6.0000000E-02   1.5109955E-02   1.0035610E-03   7.5254424E-01  -2.7500473E+04
8.0000000E-02   2.0137426E-02   1.7488940E-03   7.7684606E-01  -2.7795248E+04
1.0000000E-01   2.5152655E-02   2.6766146E-03   8.0191712E-01  -2.8133268E+04
1.2000000E-01   3.0156045E-02   3.7759154E-03   8.2673987E-01  -2.8463163E+04
1.4000000E-01   3.5149666E-02   5.0372455E-03   8.5104506E-01  -2.8764804E+04
1.6000000E-01   4.0134995E-02   6.4518206E-03   8.7531175E-01  -2.9006125E+04
1.8000000E-01   4.5112735E-02   8.0108955E-03   8.9999404E-01  -2.9159696E+04
2.0000000E-01   5.0082074E-02   9.7059119E-03   9.2506607E-01  -2.9200870E+04
2.2000000E-01   5.5041306E-02   1.1528806E-02   9.5066012E-01  -2.9104636E+04
2.4000000E-01   5.9989892E-02   1.3471565E-02   9.7701379E-01  -2.8845380E+04
2.6000000E-01   6.4928098E-02   1.5526221E-02   1.0043003E+00  -2.8399340E+04
2.8000000E-01   6.9855804E-02   1.7684491E-02   1.0329218E+00  -2.7745037E+04
3.0000000E-01   7.4772068E-02   1.9937849E-02   1.0629793E+00  -2.6860147E+04
3.2000000E-01   7.9675766E-02   2.2277606E-02   1.0948922E+00  -2.5722383E+04
3.4000000E-01   8.4564683E-02   2.4694433E-02   1.1290815E+00  -2.4311618E+04
3.6000000E-01   8.9435662E-02   2.7178819E-02   1.1657259E+00  -2.2608166E+04
3.8000000E-01   9.4286227E-02   2.9720844E-02   1.2054341E+00  -2.0601223E+04
4.0000000E-01   9.9113682E-02   3.2310028E-02   1.2485633E+00  -1.8315855E+04
4.2000000E-01   1.0391473E-01   3.4936092E-02   1.2952147E+00  -1.5817805E+04
4.4000000E-01   1.0868735E-01   3.7588896E-02   1.3458413E+00  -1.3183295E+04
4.6000000E-01   1.1343009E-01   4.0258756E-02   1.4004799E+00  -1.0485363E+04
4.8000000E-01   1.1814032E-01   4.2936960E-02   1.4590729E+00  -7.7971854E+03
5.0000000E-01   1.2281558E-01   4.5615317E-02   1.5220975E+00  -5.1873334E+03
5.2000000E-01   1.2745346E-01   4.8286295E-02   1.5895172E+00  -2.7190650E+03
5.4000000E-01   1.3205145E-01   5.0943414E-02   1.6611437E+00  -4.5194907E+02
5.6000000E-01   1.3660689E-01   5.3580816E-02   1.7374611E+00   1.5587803E+03
5.8000000E-01   1.4111715E-01   5.6192970E-02   1.8189151E+00   3.2631319E+03
6.0000000E-01   1.4557951E-01   5.8774860E-02   1.9056097E+00   4.6160736E+03
6.2000000E-01   1.4999057E-01   6.1321995E-02   1.9978094E+00   5.5751800E+03
6.4000000E-01   1.5434725E-01   6.3830302E-02   2.0961469E+00   6.1074063E+03
6.6000000E-01   1.5864681E-01   6.6295895E-02   2.2011904E+00   6.1888837E+03
6.8000000E-01   1.6288559E-01   6.8715317E-02   2.3130430E+00   5.7934675E+03
7.0000000E-01   1.6706059E-01   7.1085743E-02   2.4321394E+00   4.8999108E+03
7.2000000E-01   1.7116857E-01   7.3404605E-02   2.5594313E+00   3.5007696E+03
7.4000000E-01   1.7520561E-01   7.5669215E-02   2.6958826E+00   1.5895647E+03
7.6000000E-01   1.7916790E-01   7.7877156E-02   2.8424221E+00  -8.3336890E+02
7.8000000E-01   1.8305097E-01   8.0025936E-02   3.0005534E+00  -3.7614806E+03
8.0000000E-01   1.8684982E-01   8.2112888E-02   3.1721782E+00  -7.1648021E+03
8.2000000E-01   1.9055892E-01   8.4135373E-02   3.3591475E+00  -1.0844136E+04
8.4000000E-01   1.9417228E-01   8.6090577E-02   3.5642143E+00  -1.4503577E+04
8.6000000E-01   1.9768294E-01   8.7975496E-02   3.7912929E+00  -1.8019412E+04
8.8000000E-01   2.0108261E-01   8.9786628E-02   4.0459629E+00  -2.1390563E+04
9.0000000E-01   2.0436034E-01   9.1519188E-02   4.3364454E+00  -2.4610622E+04
9.2000000E-01   2.0750115E-01   9.3167189E-02   4.6752027E+00  -2.7672261E+04
9.4000000E-01   2.1048507E-01   9.4722961E-02   5.0882259E+00  -3.0560396E+04
9.6000000E-01   2.1328455E-01   9.6174357E-02   5.6239565E+00  -3.3258510E+04
9.8000000E-01   2.1586518E-01   9.7505444E-02   6.3136818E+00  -3.5700098E+04
1.0000000E+00   2.1818946E-01   9.8701444E-02   6.7523670E+00  -3.7859469E+04
