1120106010
1120106011
1120106012
1120106015
1120106016
1120106017
1120106020
1120106021
1120106022
1120106025
1120106026
1120106027
1120106028
1120106030
1120106031
1120106032
1120216003
1120216004
1120216006
1120216007
1120216008
1120216009
1120216010
1120216011
1120216012
1120216013
1120216014
1120216017
1120216020
1120216021
1120216022
1120216023
1120216025
1120216026
1120216027
1120216028
1120216030
1120216031
1120605002
1120605003
1120607005
1120607006
1120607008
1120607009
1120607010
1120607011
1120607013
1120620018
1120620019
1120620020
1120620024
1120620027
1120620028
1120620030
1120720014
1120720015
1120720017
1120720018
1120720019
1120720020
1120720021
1120919001
1120919002
1120919003
1120919010
1120919011
1120919012
1120919013
1120919014
1120919015
1120919016
1120919018
1120919021
1120919023
1120926025
1120926026
1120926027
1120926028
1120926033
1120926034
1140328011
1140328014
1140328015
1140328016
1140328020
1140328022
1140328023
1140328027
1140328029
1140402006
1140402009
1140402010
1140402011
1140402012
1140402014
1140402016
1140402018
1140402019
1140402020
1140402021
1140402022
1140402023
1140402029
1140402030
1140402031
1150901005
1150901006
1150901007
1150901008
1150901009
1150901010
1150901011
1150901014
1150901015
1150901016
1150901017
1150901020
1150901021
1150901022
1150901023
1150901024
1150903019
1150903021
1150903022
1150903023
1150903024
1150903025
1150903026
